0,473
0,472
0,471
0,470
0,469
59,7
0,468
0,467
0,466
0,465
0,464
0,463
0,462
0,461
0,460
0,459
0,458
0,457
59,6
59,5
59,4
59,3
59,2
0,456
0,455
59,1
59,0
0,454
0,453
0,452
0,451
0,450
0,449
0,448
0,447
0,446
0,445
0,444
0,443
0,442
0,441
58,5
58,4
58,3
58,2
0,440
0,439
58,1
58,0
0,438
0,437
0,436
0,435
0,434
0,433
0,432
0,431
0,430
0,429
0,428
0,427
0,426
57,4
57,3
57,2
0,425
0,424
57,1
57,0
0,423
0,422
56,3
56,2
0,421
56,1
56,0
0,420
0,419
0,418
0,417
0,416
0,415
0,414
0,413
0,412
0,411
55,6
0,410
0,409
0,408
55,5
55,4
55,3
55,2
55,1
55,0
0,407
0,406
54,4
54,3
54,2
54,1
54,0
53,3
53,2
53,1
53,0
0,405
